../../node_server/cache/math2220-fall2015/bacca6e303c2fd44eaa75e86195a6f400c4d04a1 assignment1.pdf
<page>
{'h': 949, 'split_pts': [7.0000162606373859, 133.00001626063738, 135.00001626063738, 163.00001626063738, 165.00001626063738, 194.00001626063738, 196.00001626063738, 225.00001626063738, 255.00001626063738, 257.00001626063738, 285.00001626063738, 287.00001626063738, 315.00001626063738, 317.00001626063738, 345.00001626063738, 347.00001626063738, 375.00001626063738, 377.00001626063738, 405.00001626063738, 407.00001626063738, 435.00001626063738, 437.00001626063738, 465.00001626063738, 467.00001626063738, 495.00001626063738, 497.00001626063738, 525.00001626063738, 527.00001626063738, 555.00001626063738, 557.00001626063738, 584.00001626063738, 586.00001626063738, 614.00001626063738, 616.00001626063738, 645.00001626063738, 673.00001626063738, 675.00001626063738, 703.00001626063738, 705.00001626063738, 732.00001626063738, 734.00001626063738, 762.00001626063738, 764.00001626063738, 792.00001626063738, 794.00001626063738, 822.00001626063738, 824.00001626063738, 853.00001626063738, 855.00001626063738, 885.00001626063738, 917.00001626063738, 945.00001626063738, 947.00001626063738], 'w': 744}
</page>
<page>
{'h': 972, 'split_pts': [126.00001652290572, 157.00001652290572, 159.00001652290572, 188.00001652290572, 218.00001652290572, 220.00001652290572, 249.00001652290572, 251.00001652290572, 279.00001652290575, 281.00001652290575, 309.00001652290575, 311.00001652290575, 341.00001652290575, 370.00001652290575, 400.00001652290575, 402.00001652290575, 430.00001652290575, 432.00001652290575, 460.00001652290575, 462.00001652290575, 490.00001652290575, 492.00001652290575, 521.00001652290575, 551.00001652290575, 553.00001652290575, 582.00001652290575, 612.00001652290575, 614.00001652290575, 642.00001652290575, 644.00001652290575, 672.00001652290575, 703.00001652290575, 734.00001652290575, 764.00001652290575, 796.00001652290575, 825.00001652290575, 827.00001652290575, 858.00001652290575, 890.00001652290575, 922.00001652290575, 955.00001652290575, 957.00001652290575, 970.00001652290575], 'w': 756}
</page>
<page>
{'h': 963, 'split_pts': [132.00001643548296, 134.00001643548296, 163.00001643548296, 165.00001643548296, 193.00001643548296, 195.00001643548296, 223.00001643548296, 226.00001643548296, 254.00001643548296, 256.00001643548296, 284.00001643548296, 286.00001643548296, 314.00001643548296, 316.00001643548296, 344.00001643548296, 346.00001643548296, 374.00001643548296, 376.00001643548296, 404.00001643548296, 406.00001643548296, 434.00001643548296, 436.00001643548296, 464.00001643548296, 495.00001643548296, 525.00001643548296, 555.00001643548296, 557.00001643548296, 585.00001643548296, 587.00001643548296, 616.00001643548296, 646.00001643548296, 676.00001643548296, 705.00001643548296, 707.00001643548296, 739.00001643548296, 769.00001643548296, 800.00001643548296, 830.00001643548296, 832.00001643548296, 863.00001643548296, 894.00001643548296, 924.00001643548296, 926.00001643548296, 956.00001643548296, 961.00001643548296], 'w': 752}
</page>
